# Params from /data/user/tvaneede/GlobalFit/reco_processing/NNMFit/dag_scans/flavor_globalfit/hese/unblind/step1_hese_flux/data_fits_debug_bdt//mcd-simpletopology_flux-hese_feat-11features/bdt1_0.333333_bdt2_0.366667_length_10/nbestfit20_scan_astro_gamma_1D_10steps/Freefit_09
input_params:
  CR_grad: -0.42821038712327103
  astro_norm: 1.9149700122314888
  barr_h: 0.006600078580108079
  barr_w: 0.04886558819479399
  barr_y: 0.1740469026066712
  barr_z: 0.08923519253917898
  conv_norm: 1.0963394750554776
  delta_gamma: -0.0046225989901115564
  dom_eff: 1.1
  gamma_astro: 2.5539542772755386
  ice_abs: 0.9915628421992306
  ice_crystal: 1.2
  ice_holep0: -0.1
  ice_holep1: -0.019554957310199794
  ice_scat: 1.1
  muongun_norm: 1.1641674890606473
  prompt_norm: 1.1988037488483771
