# Params from /data/user/tvaneede/GlobalFit/reco_processing/NNMFit/dag_scans/flavor_globalfit/hese/unblind/step1_hese_flux/data_fits_debug_bdt//mcd-simpletopology_flux-hese_feat-11features_plus_rloglmilli/bdt1_0.333333_bdt2_0.366667_length_10/nbestfit20_scan_astro_gamma_1D_10steps/Freefit
input_params:
  CR_grad: -0.23959181258950335
  astro_norm: 1.5139000586404276
  barr_h: 0.004637404990758281
  barr_w: 0.033748729136432766
  barr_y: 0.11238229687103482
  barr_z: 0.06008328185449709
  conv_norm: 1.0616397978624317
  delta_gamma: -0.003987890056165656
  dom_eff: 1.0936429087445454
  gamma_astro: 2.503361082938563
  ice_abs: 0.9
  ice_crystal: 1.0995429965822372
  ice_holep0: -0.1
  ice_holep1: 0.0
  ice_scat: 1.1
  muongun_norm: 1.199940609868759
  prompt_norm: 1.1927300929975089
