========================================================================================================================
HESE12 tracks  (28 events)
  cscdSBU_Qtot_HLC_log and rlogl columns not available in HESE12 (NaN)
========================================================================================================================
   run  event_id  subevent_id  reco_energy_GeV  econfinement    eratio  reco_length  cscdSBU_Qtot_HLC_log  TauMonoDiff_rlogl  cscdSBU_MonopodFit4_noDCFitParams_rlogl  Taupede_ftpFitParams_rlogl  MonopodFit_iMIGRAD_PPB0MillipedeFitFitParams_rlogl  SPEFit16_PPB0MillipedeFitFitParams_rlogl  TaupedeFit_iMIGRAD_PPB0MillipedeFitFitParams_rlogl
118381  19162840            0     8.867920e+04      0.979345 -0.366891    10.315718                   NaN                NaN                                      NaN                         NaN                                                 NaN                                       NaN                                                 NaN
123986  77999595            1     4.483088e+05      0.868591  0.863322   705.091774                   NaN                NaN                                      NaN                         NaN                                                 NaN                                       NaN                                                 NaN
126307  70816493            0     6.603148e+04      0.000000  0.298424   604.715694                   NaN                NaN                                      NaN                         NaN                                                 NaN                                       NaN                                                 NaN
126367  75205929            0     8.935778e+04      0.974220 -0.078201   133.825770                   NaN                NaN                                      NaN                         NaN                                                 NaN                                       NaN                                                 NaN
126838  15370749            0     1.448111e+05      0.978193  0.890615   191.344465                   NaN                NaN                                      NaN                         NaN                                                 NaN                                       NaN                                                 NaN
127210  51027948            0     6.080698e+04      0.979344  0.905231   128.831299                   NaN                NaN                                      NaN                         NaN                                                 NaN                                       NaN                                                 NaN
127762  66008498            0     1.139811e+05      0.983796  0.849504   159.388891                   NaN                NaN                                      NaN                         NaN                                                 NaN                                       NaN                                                 NaN
127853  67093193            0     1.447995e+05      0.979864  0.982832   431.029943                   NaN                NaN                                      NaN                         NaN                                                 NaN                                       NaN                                                 NaN
128290   6888376            0     1.461315e+05      0.564381  0.211242   105.906008                   NaN                NaN                                      NaN                         NaN                                                 NaN                                       NaN                                                 NaN
128340  58537957            0     1.151926e+05      0.903892  0.769136   244.763349                   NaN                NaN                                      NaN                         NaN                                                 NaN                                       NaN                                                 NaN
128582  62891970            0     1.378698e+05      0.797039  0.874055    89.081649                   NaN                NaN                                      NaN                         NaN                                                 NaN                                       NaN                                                 NaN
129281  65274589            0     7.094420e+04      0.273233  0.786633   327.469808                   NaN                NaN                                      NaN                         NaN                                                 NaN                                       NaN                                                 NaN
130111  70719303            0     1.063226e+05      0.922292  0.906266   226.808626                   NaN                NaN                                      NaN                         NaN                                                 NaN                                       NaN                                                 NaN
130126  56068624            0     7.338817e+04      0.975765  0.946705   242.131727                   NaN                NaN                                      NaN                         NaN                                                 NaN                                       NaN                                                 NaN
130561  84363835            0     8.293386e+04      0.971399  0.967114   113.366053                   NaN                NaN                                      NaN                         NaN                                                 NaN                                       NaN                                                 NaN
130932   6406184            0     6.452660e+04      0.978044  0.949078   100.926109                   NaN                NaN                                      NaN                         NaN                                                 NaN                                       NaN                                                 NaN
131680  66412090            3     2.013921e+05      0.000000  0.215764   348.197884                   NaN                NaN                                      NaN                         NaN                                                 NaN                                       NaN                                                 NaN
132077   9759013            0     2.256375e+05      0.929642  0.906382   224.001804                   NaN                NaN                                      NaN                         NaN                                                 NaN                                       NaN                                                 NaN
132143  36142391            0     1.900870e+05      0.193529  0.455906   557.727101                   NaN                NaN                                      NaN                         NaN                                                 NaN                                       NaN                                                 NaN
132229  66688965            0     1.051393e+05      0.977658  0.896567   175.474286                   NaN                NaN                                      NaN                         NaN                                                 NaN                                       NaN                                                 NaN
132379  15947448            2     5.855794e+06      0.916837  0.684158   409.567781                   NaN                NaN                                      NaN                         NaN                                                 NaN                                       NaN                                                 NaN
133132  65694365            0     1.131189e+05      0.103125  0.192172   385.720164                   NaN                NaN                                      NaN                         NaN                                                 NaN                                       NaN                                                 NaN
133601  59687803            0     1.514267e+05      0.889430  0.870902   315.763969                   NaN                NaN                                      NaN                         NaN                                                 NaN                                       NaN                                                 NaN
134533  53384881            0     1.386629e+05      0.000000  0.333850   467.427328                   NaN                NaN                                      NaN                         NaN                                                 NaN                                       NaN                                                 NaN
134599  66310113            0     1.016944e+05      0.899394  0.865391   482.866422                   NaN                NaN                                      NaN                         NaN                                                 NaN                                       NaN                                                 NaN
134758  22688793            0     1.464129e+05      0.989992  0.863437     2.279398                   NaN                NaN                                      NaN                         NaN                                                 NaN                                       NaN                                                 NaN
135302  36915486            0     1.718663e+05      0.109215 -0.816759    29.293532                   NaN                NaN                                      NaN                         NaN                                                 NaN                                       NaN                                                 NaN
135504  28341937            0     6.994271e+04      0.970231  0.952175   335.755728                   NaN                NaN                                      NaN                         NaN                                                 NaN                                       NaN                                                 NaN

========================================================================================================================
FinalTopology tracks  (29 events, reco_energy > 60 TeV)
========================================================================================================================
   run  event_id  subevent_id  reco_energy_GeV  econfinement    eratio  reco_length  cscdSBU_Qtot_HLC_log  TauMonoDiff_rlogl  cscdSBU_MonopodFit4_noDCFitParams_rlogl  Taupede_ftpFitParams_rlogl  MonopodFit_iMIGRAD_PPB0MillipedeFitFitParams_rlogl  SPEFit16_PPB0MillipedeFitFitParams_rlogl  TaupedeFit_iMIGRAD_PPB0MillipedeFitFitParams_rlogl
116528  52433389            0     6.852011e+04      0.962644 -0.941069    98.532476              3.945763          -0.325800                                 5.857116                    5.531317                                            1.033623                                  1.029825                                            1.027194
121947   7181486            0     7.449678e+04      0.649638 -0.721037   197.171789              3.992400          -2.202342                                 8.359777                    6.157434                                            2.021855                                  1.855312                                            1.754675
123986  77999595            1     3.963569e+05      0.853713  0.775717   495.405523              4.397693          -4.244387                                11.399487                    7.155099                                            4.198228                                  1.948367                                            1.955457
126307  70816493            0     6.651443e+04      0.000000  0.504843   603.668052              3.835440          -3.097154                                10.336940                    7.239787                                            2.234866                                  1.333557                                            1.423601
126367  75205929            0     8.942358e+04      0.975279 -0.035678   134.026246              3.984098          -0.514433                                 5.615104                    5.100671                                            1.029771                                  1.110912                                            0.994299
126838  15370749            0     1.391274e+05      0.713690  0.910813   266.661383              4.158290          -0.347601                                 5.778668                    5.431067                                            2.122225                                  2.571413                                            1.930851
127762  66008498            0     1.126180e+05      0.958592  0.841365   154.068975              3.881397          -0.680710                                 5.350427                    4.669717                                            1.473943                                  1.674125                                            1.268866
127853  67093193            0     1.432273e+05      0.975568  0.982263   202.125682              4.342186          -0.620287                                 5.778090                    5.157803                                            2.079687                                  2.171440                                            1.756451
128290   6888376            0     1.519704e+05      0.781059  0.660206   676.396051              4.246016          -4.397096                                10.147022                    5.749926                                            2.487092                                  2.165299                                            1.959853
128340  58537957            0     1.162712e+05      0.929501  0.831299   294.836961              4.035621          -1.173378                                 6.369833                    5.196455                                            2.212416                                  1.962614                                            1.762420
128582  62891970            0     1.300668e+05      0.924846  0.785848   135.744657              4.313441          -0.789200                                 5.943731                    5.154530                                            2.083793                                  2.588728                                            1.758056
128672  38561326            0     8.313672e+04      0.000000  0.989380   502.982350              4.206176          -0.225037                                 6.448573                    6.223536                                            2.278118                                  1.665317                                            2.143552
129281  65274589            0     7.098454e+04      0.568050  0.463730   413.156711              4.507673          -1.201059                                 7.965989                    6.764930                                            2.471724                                  1.682100                                            1.870150
130111  70719303            0     9.744518e+04      0.951494  0.796018    65.013191              3.993682          -0.117603                                 4.921436                    4.803832                                            1.636087                                  2.315670                                            1.590113
130126  56068624            0     7.031675e+04      0.953835  0.977093   156.419326              4.176824          -0.303564                                 5.809840                    5.506275                                            1.134822                                  0.980244                                            1.014808
131680  66412090            3     2.252563e+05      0.000000  0.999801   602.309414              4.241544          -3.558078                                11.258238                    7.700160                                            3.608083                                  2.487568                                            2.901465
132077   9759013            0     2.236879e+05      0.907563  0.935380   763.058455              4.154367          -0.598135                                 7.806138                    7.208003                                            2.597513                                  1.734262                                            1.914322
132143  36142391            0     1.993608e+05      0.062882  0.464338   559.924344              3.971925          -4.879568                                16.099319                   11.219751                                            5.324438                                  1.920418                                            2.431483
132229  66688965            0     9.747963e+04      0.985022  0.916533   181.970879              4.103497          -2.878307                                 7.996621                    5.118314                                            1.499226                                  0.953483                                            0.923308
132379  15947448            2     5.774662e+06      0.905362  0.808187   374.180227              5.311797          -7.483399                                16.160614                    8.677215                                            5.588883                                  9.876285                                            3.226104
133132  65694365            0     1.147468e+05      0.071251  0.888909   456.580687              4.216851          -3.659964                                12.343630                    8.683667                                            3.672654                                  1.585991                                            2.109106
133601  59687803            0     1.242791e+05      0.969655  0.910597   338.152527              4.165937          -2.564188                                 7.678384                    5.114196                                            2.490099                                  2.085025                                            1.618036
134533  53384881            0     1.451441e+05      0.777499  0.484994   456.349820              4.193744          -2.561898                                 9.127231                    6.565333                                            3.403725                                  1.915313                                            1.967069
134599  66310113            0     1.108073e+05      0.900226  0.869839   477.307936              4.256724          -1.713487                                 7.354634                    5.641148                                            1.716922                                  1.219622                                            1.205025
135302  36915486            0     1.051413e+05      0.513779  0.725435   518.737095              4.894763          -1.115320                                 8.063312                    6.947992                                            2.425843                                  1.804221                                            1.951101
135504  28341937            0     7.118175e+04      0.973101  0.950154   332.063847              4.091761          -0.514461                                 5.697962                    5.183501                                            1.106170                                  1.147036                                            1.093434
137160  12005948            0     1.012325e+05      0.808428 -0.024133   546.454697              3.857450          -6.621249                                14.076828                    7.455578                                            3.523403                                  5.157458                                            1.537222
138125  11333473            0     1.800607e+05      0.832272 -0.139034   515.069140              4.316991          -8.418511                                15.261550                    6.843039                                            1.979298                                  1.707453                                            1.551291
138611  48099684            0     2.020021e+05      0.983748  0.984187   221.892391              4.496103          -0.994383                                 6.511043                    5.516660                                            2.574915                                  3.338736                                            2.065957

========================================================================================================================
BDT-split tracks  (39 events, reco_energy > 60 TeV)
========================================================================================================================
   run  event_id  subevent_id  reco_energy_GeV  econfinement    eratio  reco_length  cscdSBU_Qtot_HLC_log  TauMonoDiff_rlogl  cscdSBU_MonopodFit4_noDCFitParams_rlogl  Taupede_ftpFitParams_rlogl  MonopodFit_iMIGRAD_PPB0MillipedeFitFitParams_rlogl  SPEFit16_PPB0MillipedeFitFitParams_rlogl  TaupedeFit_iMIGRAD_PPB0MillipedeFitFitParams_rlogl
115994  29874216            0     1.024323e+05      0.998745  0.932172    77.013871              4.146683          -0.084193                                 5.043943                    4.959750                                            1.113966                                  1.262074                                            1.107112
116528  52433389            0     6.852011e+04      0.962644 -0.941069    98.532476              3.945763          -0.325800                                 5.857116                    5.531317                                            1.033623                                  1.029825                                            1.027194
118435  58198553            0     2.761266e+05      0.992864  0.998806   192.663554              4.747334          -0.129804                                 5.610836                    5.481032                                            2.095249                                  2.783331                                            2.073960
119470  48424887            0     9.352808e+04      0.986094  0.995316    96.591499              3.983573          -0.169842                                 4.839934                    4.670092                                            1.547625                                  2.093949                                            1.468684
121947   7181486            0     7.449678e+04      0.649638 -0.721037   197.171789              3.992400          -2.202342                                 8.359777                    6.157434                                            2.021855                                  1.855312                                            1.754675
123867  11659459            0     7.561023e+04      0.994704  0.992723   567.035675              4.022770          -0.042870                                 4.793210                    4.750339                                            1.495612                                  2.018152                                            1.486923
123986  77999595            1     3.963569e+05      0.853713  0.775717   495.405523              4.397693          -4.244387                                11.399487                    7.155099                                            4.198228                                  1.948367                                            1.955457
124256   6592218            0     1.056774e+05      0.976678  0.939644   439.427989              4.165036          -0.015679                                 4.971902                    4.956223                                            1.308764                                  1.656313                                            1.304185
126307  70816493            0     6.651443e+04      0.000000  0.504843   603.668052              3.835440          -3.097154                                10.336940                    7.239787                                            2.234866                                  1.333557                                            1.423601
126367  75205929            0     8.942358e+04      0.975279 -0.035678   134.026246              3.984098          -0.514433                                 5.615104                    5.100671                                            1.029771                                  1.110912                                            0.994299
126838  15370749            0     1.391274e+05      0.713690  0.910813   266.661383              4.158290          -0.347601                                 5.778668                    5.431067                                            2.122225                                  2.571413                                            1.930851
127762  66008498            0     1.126180e+05      0.958592  0.841365   154.068975              3.881397          -0.680710                                 5.350427                    4.669717                                            1.473943                                  1.674125                                            1.268866
127853  67093193            0     1.432273e+05      0.975568  0.982263   202.125682              4.342186          -0.620287                                 5.778090                    5.157803                                            2.079687                                  2.171440                                            1.756451
128290   6888376            0     1.519704e+05      0.781059  0.660206   676.396051              4.246016          -4.397096                                10.147022                    5.749926                                            2.487092                                  2.165299                                            1.959853
128340  58537957            0     1.162712e+05      0.929501  0.831299   294.836961              4.035621          -1.173378                                 6.369833                    5.196455                                            2.212416                                  1.962614                                            1.762420
128582  62891970            0     1.300668e+05      0.924846  0.785848   135.744657              4.313441          -0.789200                                 5.943731                    5.154530                                            2.083793                                  2.588728                                            1.758056
128672  38561326            0     8.313672e+04      0.000000  0.989380   502.982350              4.206176          -0.225037                                 6.448573                    6.223536                                            2.278118                                  1.665317                                            2.143552
129281  65274589            0     7.098454e+04      0.568050  0.463730   413.156711              4.507673          -1.201059                                 7.965989                    6.764930                                            2.471724                                  1.682100                                            1.870150
130111  70719303            0     9.744518e+04      0.951494  0.796018    65.013191              3.993682          -0.117603                                 4.921436                    4.803832                                            1.636087                                  2.315670                                            1.590113
130126  56068624            0     7.031675e+04      0.953835  0.977093   156.419326              4.176824          -0.303564                                 5.809840                    5.506275                                            1.134822                                  0.980244                                            1.014808
130561  84363835            0     8.624338e+04      0.977013  0.978184   519.788539              4.223485          -0.534670                                 5.650489                    5.115820                                            1.743183                                  1.818784                                            1.613202
130932   6406184            0     6.151038e+04      0.978637  0.975877   382.395362              3.911372          -0.816736                                 5.636218                    4.819482                                            1.666762                                  2.060530                                            1.461009
131680  66412090            3     2.252563e+05      0.000000  0.999801   602.309414              4.241544          -3.558078                                11.258238                    7.700160                                            3.608083                                  2.487568                                            2.901465
132077   9759013            0     2.236879e+05      0.907563  0.935380   763.058455              4.154367          -0.598135                                 7.806138                    7.208003                                            2.597513                                  1.734262                                            1.914322
132143  36142391            0     1.993608e+05      0.062882  0.464338   559.924344              3.971925          -4.879568                                16.099319                   11.219751                                            5.324438                                  1.920418                                            2.431483
132229  66688965            0     9.747963e+04      0.985022  0.916533   181.970879              4.103497          -2.878307                                 7.996621                    5.118314                                            1.499226                                  0.953483                                            0.923308
132379  15947448            2     5.774662e+06      0.905362  0.808187   374.180227              5.311797          -7.483399                                16.160614                    8.677215                                            5.588883                                  9.876285                                            3.226104
133132  65694365            0     1.147468e+05      0.071251  0.888909   456.580687              4.216851          -3.659964                                12.343630                    8.683667                                            3.672654                                  1.585991                                            2.109106
133601  59687803            0     1.242791e+05      0.969655  0.910597   338.152527              4.165937          -2.564188                                 7.678384                    5.114196                                            2.490099                                  2.085025                                            1.618036
134533  53384881            0     1.451441e+05      0.777499  0.484994   456.349820              4.193744          -2.561898                                 9.127231                    6.565333                                            3.403725                                  1.915313                                            1.967069
134599  66310113            0     1.108073e+05      0.900226  0.869839   477.307936              4.256724          -1.713487                                 7.354634                    5.641148                                            1.716922                                  1.219622                                            1.205025
135302  36915486            0     1.051413e+05      0.513779  0.725435   518.737095              4.894763          -1.115320                                 8.063312                    6.947992                                            2.425843                                  1.804221                                            1.951101
135504  28341937            0     7.118175e+04      0.973101  0.950154   332.063847              4.091761          -0.514461                                 5.697962                    5.183501                                            1.106170                                  1.147036                                            1.093434
136160   5936572            0     1.308757e+05      0.981381  0.989702   131.660081              4.004868          -0.182034                                 5.501532                    5.319497                                            1.682080                                  2.157565                                            1.612929
136348  65788242            0     7.037112e+04      0.893158  0.898282   271.811463              4.145695          -0.129355                                 5.624177                    5.494822                                            1.585242                                  1.791140                                            1.521666
137160  12005948            0     1.012325e+05      0.808428 -0.024133   546.454697              3.857450          -6.621249                                14.076828                    7.455578                                            3.523403                                  5.157458                                            1.537222
137845  43811235            0     9.899828e+04      0.946531 -0.697311     2.822746              4.181088          -0.010549                                 5.015612                    5.005063                                            1.471011                                  1.973174                                            1.471214
138125  11333473            0     1.800607e+05      0.832272 -0.139034   515.069140              4.316991          -8.418511                                15.261550                    6.843039                                            1.979298                                  1.707453                                            1.551291
138611  48099684            0     2.020021e+05      0.983748  0.984187   221.892391              4.496103          -0.994383                                 6.511043                    5.516660                                            2.574915                                  3.338736                                            2.065957
